224.156
131.956
258.877
124.065
295.117
116.226
332.959
107.974
372.914
99.3017
414.78
90.4009
458.403
81.1628
504.325
71.5128
552.459
61.7969
602.943
51.5905
655.595
40.9212
219.474
173.753
254.36
166.761
290.861
159.675
329.255
152.343
369.573
144.659
411.867
136.522
456.037
128.436
502.625
119.949
551.24
111.106
602.634
101.661
655.773
92.18
214.807
216.034
250.033
210.225
286.694
204.085
325.442
197.642
366.066
190.866
408.869
183.978
453.486
176.915
500.797
169.236
550.231
161.532
601.961
153.392
655.96
145.517
210.203
259.75
245.348
254.695
282.542
249.546
321.249
244.094
362.341
238.359
405.454
233.185
450.829
226.568
498.926
220.701
548.732
213.451
601.434
206.739
655.817
199.383
205.401
304.077
240.846
300.184
278.106
296.073
317.308
291.57
358.748
287.294
402.398
282.898
448.434
277.941
496.268
272.431
547.233
267.434
600.51
261.467
656.134
256.193
200.429
349.474
236.137
346.518
273.951
343.472
313.137
340.619
355.187
337.329
399.456
333.69
445.42
330.591
494.037
326.705
545.448
322.362
599.073
318.431
655.229
314.057
195.568
395.458
231.505
393.751
269.385
391.906
309.202
390.249
351.605
388.264
395.556
386.475
441.876
383.733
491.136
381.24
543.316
379.042
597.691
376.248
654.778
373.177
190.75
442.398
226.983
441.69
264.83
441.15
304.882
441.017
347.567
440.232
391.859
439.436
438.9
438.916
488.753
437.699
540.603
436.652
596.014
435.288
653.63
434.241
186.147
489.708
222.306
490.652
260.483
491.549
300.736
492.18
343.536
493.079
388.458
493.91
435.51
494.333
486.009
495.069
538.573
495.214
594.239
496.172
652.304
496.493
