49.8595
119.466
100.669
122.369
149.331
125.167
196.828
127.931
242.517
130.99
287.222
134.165
329.769
137.059
370.864
139.869
410.898
142.786
449.408
145.852
486.227
148.792
50.8062
168.915
101.851
171.232
151.137
173.21
198.255
175
244.763
177.023
289.318
179.45
332.316
181.458
374.02
183.492
413.707
185.656
452.427
188.113
489.509
190.018
52.1151
219.219
103.067
220.55
152.386
221.524
200.404
222.846
246.649
223.893
291.51
225.446
334.779
227.012
376.261
228.243
416.761
229.328
455.519
230.644
492.534
232.262
53.5963
270.05
104.886
270.358
154.419
270.727
202.257
271.35
248.916
271.587
293.976
272.1
337.409
272.477
378.988
272.922
419.471
273.428
458.707
274.004
495.525
274.353
55.2667
321.6
106.688
320.936
156.408
320.506
204.57
320.075
251.288
319.636
296.353
318.83
340.129
319.008
381.965
318.299
422.491
318.035
461.574
317.685
498.863
317.196
56.7826
373.456
108.767
371.909
158.741
370.76
207.192
369.611
253.84
367.754
299.027
366.665
342.48
365.319
384.811
364.243
425.453
363.007
464.522
361.69
501.768
360.407
58.79
425.747
110.879
423.293
161.249
421.11
209.438
419.065
256.531
416.52
301.479
414.596
345.398
412.102
387.895
410.42
428.344
408.117
467.423
405.827
504.568
404.113
61.2237
478.384
113.326
474.928
163.558
472.009
212.23
468.761
259.06
465.747
304.415
462.358
348.345
459.405
390.527
456.234
430.958
453.396
470.451
450.51
507.538
447.786
63.7172
531.035
115.906
527.056
166.118
522.772
214.984
518.671
261.891
514.716
307.367
510.585
351.306
506.774
393.222
502.432
434.128
498.914
473.185
494.953
510.822
491.573
