104.458
119.886
152.433
164.452
200.693
262.111
202.622
211.065
254.549
312.713
255.415
259.609
310.492
422.308
310.504
365.511
310.598
310.605
367.833
363.364
428.264
477.928
100.902
167.407
146.968
264.669
197.311
369.224
252.624
423.926
253.428
367.329
255.41
482.713
310.492
422.308
310.504
365.511
310.598
310.605
367.833
363.364
428.264
477.928
97.3975
216.547
149.663
213.841
155.128
116.868
204.794
161.603
206.777
113.89
256.541
208.272
257.554
158.639
258.891
110.895
310.774
205.983
311.351
156.135
311.647
108.152
93.8659
267.012
310.578
257.426
366.368
255.088
367.231
308.371
424.099
306.273
481.336
304.076
595.98
300.158
653.065
298.342
310.774
205.983
311.351
156.135
311.647
108.152
90.5152
319.322
144.342
317.195
425.792
361.383
483.855
359.333
542.315
357.242
600.277
355.289
658.107
353.065
653.065
298.342
310.774
205.983
311.351
156.135
311.647
108.152
87.3039
373.067
141.902
371.123
486.437
416.269
545.541
414.038
604.39
412.048
663.044
410.073
658.107
353.065
653.065
298.342
310.774
205.983
311.351
156.135
311.647
108.152
84.2514
428.077
139.434
426.82
195.511
425.406
548.719
472.683
608.489
470.266
667.793
468.198
658.107
353.065
653.065
298.342
310.774
205.983
311.351
156.135
311.647
108.152
81.2
485.011
137.365
483.702
193.777
482.701
612.664
530.118
672.846
527.802
667.793
468.198
658.107
353.065
653.065
298.342
310.774
205.983
311.351
156.135
311.647
108.152
78.4352
543.094
135.733
541.677
193.777
482.701
612.664
530.118
672.846
527.802
667.793
468.198
658.107
353.065
653.065
298.342
310.774
205.983
311.351
156.135
311.647
108.152
