230.45
171.592
269.3
169.089
308.282
166.818
347.894
164.363
388.241
162.23
428.743
160.063
469.749
157.802
511.13
155.692
552.657
153.675
594.489
151.684
636.448
149.817
227.374
206.9
266.56
204.783
306.252
202.485
346.484
200.37
387.277
198.362
428.421
196.265
469.993
194.225
512.063
192.312
554.08
190.354
596.685
188.387
639.202
186.493
224.101
243.548
263.901
241.438
303.964
239.483
344.914
237.509
386.336
235.626
428.172
233.633
470.141
231.627
512.963
229.805
555.828
228.159
599.025
226.319
642.295
224.467
220.886
281.023
261.012
279.314
301.924
277.528
343.152
275.719
385.157
273.919
427.751
272.274
470.728
270.559
513.909
268.879
557.334
267.19
601.234
265.483
645.104
263.797
217.526
319.589
258.252
317.98
299.672
316.651
341.735
315.028
384.163
313.495
427.284
312.011
470.792
310.408
514.772
308.981
558.988
307.308
603.413
305.913
648.016
304.2
214.251
359.344
255.435
358.144
297.265
356.847
339.976
355.567
383.125
354.188
426.915
353.009
470.951
351.55
515.592
350.212
560.445
348.867
605.531
347.275
650.688
345.916
210.876
400.054
252.658
399.17
295.05
398.196
338.262
397.181
382.005
396.132
426.259
395.04
471.118
393.899
516.319
392.683
561.715
391.343
607.488
390.099
653.573
388.846
207.298
441.982
249.74
441.303
292.738
440.695
336.459
439.976
380.825
439.142
425.673
438.333
471.114
437.441
516.98
436.389
563.088
435.264
609.556
434.078
656.075
432.928
203.96
484.839
246.809
484.469
290.453
484.197
334.678
483.873
379.602
483.296
425.189
482.65
471.218
481.752
517.608
481.268
564.471
480.253
611.62
479.301
658.76
478.106
